legajo,nombre,apellido,ciudad_residencia,dni,edad,genero
1,Hakeem,Lopez,Lac-Serent,27633113,20,Femenino
2,Sybill,Stephenson,Montereale,45520186,21,Femenino
3,Britanni,Simpson,Ramsdonk,33691585,15,Masculino
4,Zachery,Montoya,Provo,31061328,28,Masculino
5,Caesar,Cooley,Massimino,46786226,20,Masculino
6,Jayme,Ferrell,Castello di Godego,38924003,26,Femenino
7,Griffin,Gibson,Rekem,12078421,26,Femenino
8,Maris,Soto,Singkawang,46191202,27,Masculino
9,Vincent,Bruce,Bogor,37081039,20,Femenino
10,Nayda,Bradley,Grantham,14043983,19,Masculino
11,Amir,Rosa,Veldwezelt,33785700,17,Masculino
12,Buffy,Mayer,BiercŽe,27724217,21,Masculino
13,Slade,Guthrie,Lawton,34307149,29,Femenino
14,Moana,Ramirez,Stoke-on-Trent,24124998,25,Masculino
15,Eaton,Rasmussen,Gatchina,47670207,24,Femenino
16,Zeph,Blackwell,Hamilton,18509218,29,Femenino
17,Marsden,Black,Biloxi,38621559,17,Femenino
18,Keith,Dodson,Peumo,10395216,21,Masculino
19,Hedy,Sexton,El Carmen,40575793,17,Masculino
20,Rowan,Mccray,Quimbaya,41954206,23,Femenino
21,Sara,Macias,Sint-Amandsberg,19039051,23,Masculino
22,Willa,Skinner,Pinneberg,39886768,27,Femenino
23,Laith,Fox,Ahmedabad,36717888,29,Femenino
24,Murphy,Coffey,Chandigarh,15877912,24,Masculino
25,Jaime,Burt,Elgin,23886231,17,Masculino
26,Devin,Gaines,Bazzano,35438131,15,Masculino
27,Alexander,Perkins,Worthing,48342600,22,Masculino
28,Karleigh,Gregory,Tay,47739178,22,Femenino
29,Rose,Moore,Fulda,19856192,16,Femenino
30,Dominic,Bond,Maria,45114717,18,Masculino
31,Barclay,Porter,Ambala,42230079,15,Masculino
32,Colorado,Irwin,Manoppello,38159557,15,Masculino
33,Shad,Mccormick,Musson,26563405,30,Femenino
34,Nicholas,Boyle,Develi,18890149,30,Masculino
35,Brenna,Haynes,Virginia Beach,21961754,25,Masculino
36,Calista,Coleman,Knoxville,44579176,30,Masculino
37,Tyler,Hardy,Red Deer,39548465,16,Masculino
38,Barbara,Cotton,College,39424227,17,Masculino
39,Cleo,Carson,Keswick,26963415,15,Masculino
40,Daquan,Grant,Zeveneken,14933183,19,Femenino
41,Kirby,Montoya,Izmir,37707020,29,Femenino
42,Lucy,Collins,Calder,35127126,26,Femenino
43,Lamar,Finch,Belfort,28736285,23,Femenino
44,Melodie,Browning,Ozyory,26766322,19,Masculino
45,Abel,Zimmerman,Shipshaw,13700658,17,Femenino
46,Levi,Lopez,Bareilly,19557775,25,Femenino
47,Amity,Saunders,Archennes,31815397,20,Masculino
48,Igor,Pacheco,Augusta,47986280,28,Femenino
49,Sheila,Sawyer,Chancay,29393316,16,Femenino
50,Bell,Campos,Labro,45289963,18,Femenino
51,Dara,Mcneil,ZŽtrud-Lumay,23513385,28,Masculino
52,Stacy,Black,Gojal Upper Hunza,48855760,24,Femenino
53,Ebony,Suarez,Lauterach,20346150,23,Femenino
54,Barbara,Riley,Thurso,12974474,17,Masculino
55,Ryder,Wilkerson,Fosses-la-Ville,22149351,18,Femenino
56,Bell,Shepard,Castelseprio,11350515,27,Femenino
57,Quon,Hall,Halkirk,19150175,20,Femenino
58,Adam,Stanley,Turbo,29947000,29,Femenino
59,Clarke,Butler,Çaldıran,38001731,19,Masculino
60,Francesca,Randall,Saint John,42572413,23,Masculino
61,Hayfa,Tanner,São José dos Pinhais,48342791,26,Masculino
62,Juliet,Buckner,Las Cabras,12180805,26,Masculino
63,Russell,Aguilar,Kansas City,41263082,16,Femenino
64,Jarrod,Good,Rawalpindi,29475577,27,Masculino
65,Steven,Mann,Bossuit,11454177,25,Masculino
66,Cassidy,Koch,Hamoir,15633414,28,Masculino
67,Blaine,Battle,Quimbaya,37380495,27,Masculino
68,Keith,Perkins,Sevastopol,32507093,19,Masculino
69,Bert,Best,Quimper,39982962,29,Masculino
70,Willow,Chandler,Pamplona,39221764,18,Masculino
71,Alfreda,Carson,Affligem,13176025,24,Masculino
72,Georgia,Sears,Gießen,40775305,26,Masculino
73,Imelda,Richmond,Hoyerswerda,32178921,30,Masculino
74,Keely,Shaffer,Smoky Lake,12784981,27,Masculino
75,Declan,Johnston,Chimbote,37381446,18,Femenino
76,Haviva,Ryan,Nankana Sahib,45420781,29,Masculino
77,John,Orr,Dir,27266145,22,Femenino
78,Clark,Gilmore,Detroit,19972115,30,Masculino
79,Alfreda,Johnston,Braives,40426240,15,Femenino
80,Shellie,Barrett,Cambridge,42842975,22,Masculino
81,Florence,Schmidt,Keswick,30957499,18,Femenino
82,Danielle,Mckee,Sousa,45805146,23,Femenino
83,Charde,Decker,Agartala,11339570,20,Masculino
84,Lee,Bird,Cambridge,12972722,16,Femenino
85,Clark,Beard,Bard,37772772,29,Femenino
86,Grady,Miranda,Moradabad,12746489,16,Femenino
87,Janna,Mcclure,Vichy,28109349,27,Femenino
88,Minerva,Reyes,Aklavik,23137764,17,Femenino
89,Alden,Cannon,Cairns,20994729,24,Femenino
90,Grady,Merritt,Barcelona,37373458,15,Femenino
91,Geoffrey,Mcdowell,Puerto Vallarta,29731961,17,Masculino
92,Daniel,Horton,Tallahassee,36951650,28,Femenino
93,Kareem,Castillo,Chungju,42845857,26,Masculino
94,Constance,Golden,Hines Creek,41907108,19,Masculino
95,Ebony,Mosley,Sandy,12467634,19,Masculino
96,Leslie,Foley,StrŽe,11643966,16,Femenino
97,Elliott,Obrien,Coronel,14880983,22,Femenino
98,Julian,Walsh,Campbeltown,40942946,21,Masculino
99,Victor,Morton,Caldera,34541718,21,Femenino
100,Reagan,Orr,Freux,20508095,30,Femenino